effectData<-c(0.315585 ,
0.273240 ,
0.099912 ,
0.334244 ,
0.048022 ,
0.061700 ,
0.072259 ,
0.362868 ,
0.237259 ,
0.141739 ,
0.146605 ,
0.151453 ,
0.536923 ,
0.496964 ,
0.085163 ,
0.290837 ,
0.185633 ,
0.555474 ,
0.265611 ,
0.089618 ,
0.356579 ,
0.149067 ,
0.181221 ,
0.090695 )


ehiData<-c(-200.000000 ,
400.000000 ,
300.000000 ,
400.000000 ,
400.000000 ,
400.000000 ,
400.000000 ,
325.000000 ,
400.000000 ,
-125.000000 ,
400.000000 ,
-75.000000 ,
375.000000 ,
400.000000 ,
325.000000 ,
400.000000 ,
350.000000 ,
300.000000 ,
175.000000 ,
400.000000 ,
375.000000 ,
325.000000 ,
400.000000 ,
400.000000 )


library(polycor)
polyserial(effectData,ehiData, ML = TRUE, control = list(), std.err = TRUE, maxcor = .9999, bins = 33)
