effectData<-c(-0.267570 ,
0.037648 ,
-0.328666 ,
-0.046854 ,
0.021261 ,
0.000070 ,
-0.096781 ,
-0.569306 ,
0.076047 ,
-0.028230 ,
-0.335469 ,
-0.052093 ,
-0.096325 ,
-0.616447 ,
0.055538 ,
-0.275291 ,
-0.265319 ,
-0.088012 ,
0.312336 ,
0.031988 ,
-0.375013 ,
-0.236718 ,
-0.154324 ,
0.189260 )


ehiData<-c(-200.000000 ,
400.000000 ,
300.000000 ,
400.000000 ,
400.000000 ,
400.000000 ,
400.000000 ,
325.000000 ,
400.000000 ,
-125.000000 ,
400.000000 ,
-75.000000 ,
375.000000 ,
400.000000 ,
325.000000 ,
400.000000 ,
350.000000 ,
300.000000 ,
175.000000 ,
400.000000 ,
375.000000 ,
325.000000 ,
400.000000 ,
400.000000 )


library(polycor)
polyserial(effectData,ehiData, ML = TRUE, control = list(), std.err = TRUE, maxcor = .9999, bins = 33)
