effectData<-c(-0.172337 ,
0.139052 ,
0.109965 ,
-0.359051 ,
0.056503 ,
-0.000755 ,
-0.107485 ,
-0.032253 ,
0.203673 ,
0.072397 ,
-0.579221 ,
0.031688 ,
-0.389075 ,
-0.200293 ,
0.328188 ,
0.022309 ,
0.272322 ,
0.862803 ,
0.943545 ,
0.071949 ,
0.110789 ,
-0.045502 ,
-0.102232 ,
0.319893 )


ehiData<-c(-200.000000 ,
400.000000 ,
300.000000 ,
400.000000 ,
400.000000 ,
400.000000 ,
400.000000 ,
325.000000 ,
400.000000 ,
-125.000000 ,
400.000000 ,
-75.000000 ,
375.000000 ,
400.000000 ,
325.000000 ,
400.000000 ,
350.000000 ,
300.000000 ,
175.000000 ,
400.000000 ,
375.000000 ,
325.000000 ,
400.000000 ,
400.000000 )


library(polycor)
polyserial(effectData,ehiData, ML = TRUE, control = list(), std.err = TRUE, maxcor = .9999, bins = 33)
