effectData<-c(0.296658 ,
0.032786 ,
0.228753 ,
0.430712 ,
0.043723 ,
0.061630 ,
0.239490 ,
0.206438 ,
0.568558 ,
0.113510 ,
0.482074 ,
0.099360 ,
0.337552 ,
0.520069 ,
0.140701 ,
0.566128 ,
0.079686 ,
0.643485 ,
0.577946 ,
0.022293 ,
0.240012 ,
0.385784 ,
0.026897 ,
0.541221 )


ehiData<-c(-200.000000 ,
400.000000 ,
300.000000 ,
400.000000 ,
400.000000 ,
400.000000 ,
400.000000 ,
325.000000 ,
400.000000 ,
-125.000000 ,
400.000000 ,
-75.000000 ,
375.000000 ,
400.000000 ,
325.000000 ,
400.000000 ,
350.000000 ,
300.000000 ,
175.000000 ,
400.000000 ,
375.000000 ,
325.000000 ,
400.000000 ,
400.000000 )


library(polycor)
polyserial(effectData,ehiData, ML = TRUE, control = list(), std.err = TRUE, maxcor = .9999, bins = 33)
