effectData<-c(-0.561110 ,
0.203104 ,
0.135192 ,
0.210517 ,
-0.382372 ,
-0.143241 ,
-0.085866 ,
-0.983475 ,
0.185040 ,
-0.298523 ,
0.682868 ,
0.088440 ,
-0.336841 ,
-0.311136 ,
1.861412 ,
-0.355422 ,
-0.145126 ,
-0.053742 ,
-0.012763 ,
0.019414 ,
-0.064790 ,
0.275185 ,
-0.034667 )


ehiData<-c(-150.000000 ,
200.000000 ,
350.000000 ,
400.000000 ,
300.000000 ,
0.000000 ,
400.000000 ,
325.000000 ,
400.000000 ,
350.000000 ,
175.000000 ,
375.000000 ,
325.000000 ,
400.000000 ,
400.000000 ,
400.000000 ,
400.000000 ,
-200.000000 ,
375.000000 ,
325.000000 ,
300.000000 ,
-350.000000 ,
400.000000 )


library(polycor)
polyserial(effectData,ehiData, ML = TRUE, control = list(), std.err = TRUE, maxcor = .9999, bins = 33)
