effectData<-c(0.921643 ,
-0.198786 ,
0.886396 ,
NaN ,
0.377501 ,
-0.182447 ,
NaN ,
-2.029894 ,
-0.016458 ,
0.080740 ,
0.915169 ,
NaN ,
0.267503 ,
-0.077630 ,
NaN ,
-0.075603 ,
NaN ,
0.010153 ,
0.294144 ,
0.009125 ,
-0.014209 ,
0.210256 ,
-0.369811 )


ehiData<-c(-150.000000 ,
200.000000 ,
350.000000 ,
400.000000 ,
300.000000 ,
0.000000 ,
400.000000 ,
325.000000 ,
400.000000 ,
350.000000 ,
175.000000 ,
375.000000 ,
325.000000 ,
400.000000 ,
400.000000 ,
400.000000 ,
400.000000 ,
-200.000000 ,
375.000000 ,
325.000000 ,
300.000000 ,
-350.000000 ,
400.000000 )


library(polycor)
polyserial(effectData,ehiData, ML = TRUE, control = list(), std.err = TRUE, maxcor = .9999, bins = 33)
