effectData<-c(-0.130086 ,
0.893798 ,
-0.102172 ,
-0.111915 ,
0.349942 ,
-0.043167 ,
-1.186812 ,
-0.093454 ,
0.210726 ,
-0.052466 ,
NaN ,
-0.314545 ,
-0.020837 ,
0.084788 ,
0.078511 ,
0.051456 ,
0.620576 ,
0.529433 ,
0.100887 ,
-0.219411 ,
-0.104224 ,
-0.243598 ,
-0.037439 ,
-0.094107 )


ehiData<-c(300.000000 ,
300.000000 ,
125.000000 ,
375.000000 ,
275.000000 ,
200.000000 ,
375.000000 ,
375.000000 ,
350.000000 ,
275.000000 ,
225.000000 ,
350.000000 ,
350.000000 ,
150.000000 ,
300.000000 ,
325.000000 ,
100.000000 ,
-400.000000 ,
325.000000 ,
325.000000 ,
-275.000000 ,
200.000000 ,
375.000000 ,
300.000000 )


library(polycor)
polyserial(effectData,ehiData, ML = TRUE, control = list(), std.err = TRUE, maxcor = .9999, bins = 33)
