effectData<-c(0.005806 ,
0.721095 ,
0.098108 ,
0.247784 ,
0.346442 ,
0.111589 ,
0.124677 ,
0.636282 ,
0.638540 ,
0.031502 ,
0.065697 ,
0.503836 ,
0.714028 ,
0.184742 ,
0.045706 ,
0.108480 ,
0.539713 ,
0.823351 ,
0.099723 ,
0.130617 ,
0.067772 ,
0.303139 ,
0.025700 ,
0.086836 )


ehiData<-c(300.000000 ,
300.000000 ,
125.000000 ,
375.000000 ,
275.000000 ,
200.000000 ,
375.000000 ,
375.000000 ,
350.000000 ,
275.000000 ,
225.000000 ,
350.000000 ,
350.000000 ,
150.000000 ,
300.000000 ,
325.000000 ,
100.000000 ,
-400.000000 ,
325.000000 ,
325.000000 ,
-275.000000 ,
200.000000 ,
375.000000 ,
300.000000 )


library(polycor)
polyserial(effectData,ehiData, ML = TRUE, control = list(), std.err = TRUE, maxcor = .9999, bins = 33)
