effectData<-c(0.126893 ,
0.550509 ,
0.367762 ,
0.152468 ,
0.235038 ,
0.188532 ,
0.973728 ,
0.143560 ,
0.194947 ,
0.273893 ,
NaN ,
0.045263 ,
0.327332 ,
0.171743 ,
0.072428 ,
0.322106 ,
0.333835 ,
0.674898 ,
0.051825 ,
0.475514 ,
0.104911 ,
0.199830 ,
0.218751 ,
0.002113 )


ehiData<-c(300.000000 ,
300.000000 ,
125.000000 ,
375.000000 ,
275.000000 ,
200.000000 ,
375.000000 ,
375.000000 ,
350.000000 ,
275.000000 ,
225.000000 ,
350.000000 ,
350.000000 ,
150.000000 ,
300.000000 ,
325.000000 ,
100.000000 ,
-400.000000 ,
325.000000 ,
325.000000 ,
-275.000000 ,
200.000000 ,
375.000000 ,
300.000000 )


library(polycor)
polyserial(effectData,ehiData, ML = TRUE, control = list(), std.err = TRUE, maxcor = .9999, bins = 33)
