effectData<-c(-0.063736 ,
0.808505 ,
-0.236999 ,
-0.159574 ,
0.405644 ,
0.106893 ,
-0.762287 ,
-0.483375 ,
-0.011071 ,
0.068729 ,
1.055618 ,
-0.039996 ,
-0.541517 ,
0.078288 ,
0.065150 ,
0.266749 ,
0.183802 ,
0.455207 ,
0.076938 ,
-0.391859 ,
-0.017883 ,
0.007887 ,
0.084786 ,
-0.051746 )


ehiData<-c(300.000000 ,
300.000000 ,
125.000000 ,
375.000000 ,
275.000000 ,
200.000000 ,
375.000000 ,
375.000000 ,
350.000000 ,
275.000000 ,
225.000000 ,
350.000000 ,
350.000000 ,
150.000000 ,
300.000000 ,
325.000000 ,
100.000000 ,
-400.000000 ,
325.000000 ,
325.000000 ,
-275.000000 ,
200.000000 ,
375.000000 ,
300.000000 )


library(polycor)
polyserial(effectData,ehiData, ML = TRUE, control = list(), std.err = TRUE, maxcor = .9999, bins = 33)
